1.000000  0.999818  0.999401  0.998522  0.997326  0.995537  0.993326  0.990403  0.987040  0.983025  0.978504  
0.999994  0.999837  0.999415  0.998702  0.997585  0.996133  0.993925  0.991388  0.988214  0.984613  0.980192  
0.999917  0.999822  0.999438  0.998787  0.997791  0.996290  0.994480  0.992082  0.989289  0.985688  0.981630  
0.999676  0.999568  0.999281  0.998690  0.997798  0.996475  0.994830  0.992699  0.990211  0.986894  0.982777  
0.999022  0.998923  0.998754  0.998304  0.997571  0.996376  0.994962  0.992901  0.990377  0.987261  0.983762  
0.998019  0.998049  0.997949  0.997526  0.996845  0.995779  0.994445  0.992714  0.990347  0.987568  0.984362  
0.996347  0.996507  0.996509  0.996182  0.995676  0.994843  0.993672  0.992045  0.989869  0.987433  0.984379  
0.994135  0.994476  0.994598  0.994433  0.993921  0.993239  0.992261  0.990722  0.989028  0.986599  0.983908  
0.991100  0.991605  0.991889  0.991833  0.991737  0.990807  0.990301  0.988989  0.987153  0.984941  0.983065  
0.987323  0.988042  0.988311  0.988407  0.988374  0.988056  0.987384  0.986632  0.984941  0.983236  0.980894  
0.982804  0.983349  0.983959  0.984654  0.984895  0.984255  0.984154  0.983345  0.981941  0.980674  0.978325  
